>> x = load('/Users/zhugehuiming/Downloads/测试窗口大小v1.1/2009-09-17origin.csv')

x =

   0.025721000000000   0.018807730000000   0.014432300000000   0.019984260000000
  -0.000071900000000  -0.013535000000000  -0.011592700000000  -0.011277300000000
   0.012687690000000   0.002804720000000   0.004284690000000   0.002306750000000
   0.018312520000000   0.016921430000000   0.023594590000000   0.012282980000000
   0.019203380000000   0.023503510000000   0.017449270000000   0.021949700000000
  -0.010718900000000  -0.010066400000000  -0.013386900000000  -0.007283100000000
   0.008652490000000   0.007521380000000   0.010336100000000   0.005370340000000
   0.020455690000000   0.021278280000000   0.024441350000000   0.016987120000000
   0.021702150000000   0.008758660000000   0.009999600000000   0.006794700000000
   0.013099470000000   0.008216590000000   0.010088320000000   0.005814310000000
   0.046033220000000   0.054205760000000   0.060091240000000   0.046789190000000
   0.001949740000000   0.016472230000000   0.011677050000000   0.011577010000000
  -0.003260500000000   0.004733910000000   0.002753860000000   0.005968470000000
  -0.067510400000000  -0.073713200000000  -0.078550300000000  -0.069827400000000
  -0.027040800000000  -0.035315200000000  -0.038351700000000  -0.029521200000000
   0.008627150000000  -0.005084800000000  -0.008143900000000  -0.007169500000000
   0.029496940000000   0.019917180000000   0.025915180000000   0.017609320000000
  -0.016325000000000  -0.037790200000000  -0.032626200000000  -0.026275700000000
   0.024872540000000   0.008076870000000   0.015335860000000   0.010970520000000
   0.025099280000000   0.018661510000000   0.020703050000000   0.016753480000000
   0.036475910000000   0.042162710000000   0.038364550000000   0.044239780000000
  -0.042731400000000  -0.050902000000000  -0.049034300000000  -0.043999300000000
   0.017208570000000   0.010050370000000   0.008915640000000   0.013923920000000
  -0.072222200000000  -0.062996500000000  -0.068790000000000  -0.059616100000000
  -0.039054100000000  -0.028404600000000  -0.023963800000000  -0.030253500000000
  -0.000691700000000   0.012699380000000   0.016637800000000   0.008904190000000
  -0.049440800000000  -0.045732700000000  -0.042406400000000  -0.047680100000000
   0.007551780000000   0.003334780000000   0.012520670000000   0.004595920000000
   0.008801670000000  -0.002974800000000  -0.000124100000000  -0.003357700000000
  -0.033188500000000  -0.029932100000000  -0.039346700000000  -0.028909300000000
  -0.005459800000000  -0.021021700000000  -0.021040500000000  -0.021274700000000
   0.008875490000000  -0.012136900000000  -0.008784500000000  -0.012446600000000
   0.013347190000000  -0.000108300000000   0.003426330000000   0.002552630000000
   0.016855610000000   0.013936000000000   0.013533480000000   0.014700650000000
   0.026372100000000   0.027086480000000   0.029559830000000   0.026881660000000
   0.012054280000000   0.021217670000000   0.015331050000000   0.016736910000000
  -0.061170200000000  -0.053964700000000  -0.056956200000000  -0.051299900000000
   0.023031290000000   0.003250910000000   0.006762880000000   0.000919460000000
   0.018493200000000   0.020529140000000   0.015522150000000   0.018394100000000
  -0.010840500000000   0.004259840000000   0.000744450000000   0.013165210000000
   0.003868590000000   0.012412530000000   0.012535300000000   0.009621050000000
   0.013069710000000   0.018775520000000   0.013267980000000   0.025627260000000
  -0.030480600000000  -0.014385400000000  -0.015363400000000  -0.016577200000000
   0.022266730000000   0.020057120000000   0.018802520000000   0.023908240000000
   0.001880990000000   0.005289820000000   0.003820880000000   0.001882800000000
  -0.006095500000000   0.002267480000000   0.000201060000000  -0.001509700000000
  -0.000087100000000   0.011099620000000   0.006766340000000   0.013701500000000
   0.016750490000000   0.027508570000000   0.025770570000000   0.020753360000000
   0.007350730000000  -0.011036700000000  -0.003584300000000  -0.010774200000000
  -0.000171900000000   0.000591650000000   0.005371710000000  -0.002921300000000
   0.023088070000000   0.013048880000000   0.011888770000000   0.013627320000000
   0.007575240000000   0.003520230000000   0.010151780000000  -0.002813500000000
   0.003843020000000  -0.010203700000000  -0.010259900000000  -0.011335600000000
  -0.001289400000000   0.014208170000000   0.018679490000000   0.011685230000000
  -0.000741800000000   0.013550400000000   0.023779560000000   0.009146830000000
   0.011740270000000   0.013637700000000   0.010241290000000   0.017171340000000
   0.007863640000000   0.022307570000000   0.024099880000000   0.016352240000000
  -0.001557100000000  -0.004254400000000  -0.003357500000000  -0.005375200000000
   0.000691230000000   0.016343680000000   0.016712030000000   0.015956920000000
  -0.000691200000000   0.003361970000000   0.002393960000000   0.001079740000000
   0.000604230000000  -0.000900800000000   0.000372460000000   0.000940600000000
   0.013866680000000   0.011871920000000   0.022747380000000   0.010180660000000
  -0.006342800000000   0.000434610000000  -0.005829800000000  -0.001243700000000
  -0.002913800000000   0.000830820000000  -0.004598600000000   0.005473640000000
  -0.008526500000000   0.007354900000000   0.008096880000000   0.009273940000000
   0.008963620000000   0.015438620000000   0.010016250000000   0.015459290000000
   0.009279230000000   0.016534730000000   0.022282580000000   0.012208940000000
   0.001685210000000  -0.001677000000000   0.002618920000000  -0.004862000000000
   0.019426750000000   0.020400950000000   0.022997210000000   0.016551050000000
  -0.020833200000000  -0.018862400000000  -0.016564600000000  -0.019332600000000
  -0.003987800000000  -0.009399800000000  -0.011229300000000  -0.006744400000000
   0.011784320000000   0.009761160000000   0.007481190000000   0.010121180000000
   0.011278220000000   0.004088660000000   0.012021590000000   0.007037170000000
  -0.011313300000000   0.003114920000000  -0.005203300000000   0.005233400000000
  -0.001974000000000  -0.004900700000000  -0.006225000000000  -0.004836000000000
  -0.002518000000000   0.004873470000000   0.001996640000000  -0.004093200000000
   0.002468960000000   0.025598820000000   0.021511790000000   0.019732090000000
   0.002500830000000   0.002362220000000   0.006025180000000   0.001109160000000
   0.014068230000000   0.035115430000000   0.028560620000000   0.033005060000000
  -0.000520100000000   0.014581960000000   0.010483360000000   0.016987830000000
   0.002688940000000  -0.012045900000000  -0.015824600000000  -0.008244600000000
   0.005919200000000   0.004383450000000   0.010815320000000   0.004766110000000
  -0.003943700000000  -0.003398500000000  -0.003590400000000  -0.004999800000000
  -0.018449100000000  -0.022600800000000  -0.025421800000000  -0.015503800000000
   0.000965280000000  -0.009626900000000  -0.005311300000000  -0.009485600000000
   0.005358770000000   0.010444910000000   0.010639300000000   0.008969070000000
   0.003162900000000   0.005154570000000   0.003964590000000   0.002838790000000
   0.009976500000000   0.001259680000000   0.002054040000000   0.002032110000000
  -0.001770200000000  -0.007637500000000  -0.004109700000000  -0.009005200000000
   0.014484600000000   0.009085180000000   0.011255630000000   0.017266810000000
   0.020429660000000   0.022939480000000   0.030964260000000   0.014783110000000
  -0.037111900000000  -0.023176100000000  -0.031348300000000  -0.017636000000000
  -0.011452600000000   0.007969370000000   0.007305370000000   0.010798290000000
  -0.005054200000000   0.000759210000000  -0.003961900000000   0.001899820000000
   0.023387190000000   0.013827630000000   0.020029650000000   0.009760030000000
   0.006694210000000   0.004671680000000   0.004851000000000   0.002898240000000
   0.028734140000000   0.034242080000000   0.040944400000000   0.032693860000000
